4
Con1
2.4 2.6 6 28280 2
Con2
2.4 2.6 12.2 26750 2
Con3
2.4 2.9 12.2 26580 3
Con4
2.4 2.3 10 25500 1
20
Thung hang 1
0.534 0.206 1.060 15.136 13
Thung hang 2
1.048 1.464 0.602 125.658 40
Thung hang 3
1.475 0.536 0.953 6.777 16
Thung hang 4
2.197 0.678 1.687 145.838 34
Thung hang 5
0.416 1.893 2.099 208.013 48
Thung hang 6
2.192 1.266 0.579 306.937 44
Thung hang 7
0.364 0.473 0.372 5.959 9
Thung hang 8
0.199 0.515 0.605 1.115 66
Thung hang 9
0.715 0.240 1.096 8.078 31
Thung hang 10
1.542 2.164 2.104 793.634 88
Thung hang 11
2.307 1.473 1.220 174.136 6
Thung hang 12
0.425 0.682 0.738 10.921 43
Thung hang 13
0.464 1.165 1.950 116.947 9
Thung hang 14
2.365 0.415 1.499 249.919 28
Thung hang 15
1.176 2.131 1.659 710.827 44
Thung hang 16
0.228 2.083 1.846 39.534 73
Thung hang 17
2.101 0.369 1.623 175.936 95
Thung hang 18
2.244 0.328 0.460 30.858 76
Thung hang 19
0.792 2.392 1.164 297.784 26
Thung hang 20
0.746 1.251 0.462 28.478 72
